          18   5.000000    
  1 0.00000  1.86822  2.17055  1.98050  2.06309  2.02225  2.17796  2.22031  2.13864  1.18826  2.04603  2.49002  1.96888  2.19516  1.93233  1.83759  1.73161  1.80020
  1 0.00000  2.68457  6.17813  6.26189  3.90547  3.88994  7.44362  7.28482  3.97583  1.63393  2.77150  5.08130  2.89497  6.33991  3.73885  3.66665  3.85157  7.14862
  2 1.86822  0.00000  2.18846  2.18618  2.05130  2.08533  2.28011  2.18967  2.14934  1.18766  1.95043  2.55734  1.97974  2.39051  1.85204  1.68791  1.71456  1.62474
  2 2.68457  0.00000  5.96663  5.94393  3.92754  3.84553  7.19911  7.35963  4.05351  1.62437  2.84501  5.15406  2.89800  6.42719  3.70587  3.75846  3.76784  7.11093
  3 2.17055  2.18846  0.00000  1.93941  2.20013  2.26640  1.99986  2.02538  1.90400  2.50090  2.24407  1.18551  2.31877  1.90756  1.61824  1.68553  1.86548  1.46573
  3 6.17813  5.96663  0.00000  2.54538  7.17288  7.26589  3.85701  3.98453  2.67184  4.97741  3.85625  1.63305  6.50931  2.93001  4.49164  4.80614  7.34025  3.77957
  4 1.98050  2.18618  1.93941  0.00000  2.24254  2.18152  2.10435  2.06092  1.85568  2.42730  2.18806  1.20677  2.39593  1.99849  1.68086  1.79466  1.61201  1.83995
  4 6.26189  5.94393  2.54538  0.00000  7.20879  7.18531  3.90499  3.92394  2.71935  5.02028  3.85499  1.63076  6.35358  2.85086  4.62783  4.45971  7.21124  3.87261
  5 2.06309  2.05130  2.20013  2.24254  0.00000  1.91636  2.42013  2.35752  2.07638  1.91578  2.16563  2.62932  1.15673  2.54981  1.51010  1.79304  1.56181  1.82259
  5 3.90547  3.92754  7.17288  7.20879  0.00000  2.59977  8.43719  8.52813  5.17148  2.93570  4.13650  6.30396  1.61743  7.66458  4.98377  5.16714  2.54398  8.28997
  6 2.02225  2.08533  2.26640  2.18152  1.91636  0.00000  2.34705  2.17363  2.15951  1.91886  2.21317  2.56312  1.18227  2.84730  1.81391  1.49038  1.54290  1.84392
  6 3.88994  3.84553  7.26589  7.18531  2.59977  0.00000  8.51293  8.61787  5.26836  2.93112  4.08731  6.42014  1.63396  7.75181  4.93513  4.97140  2.62246  8.50570
  7 2.17796  2.28011  1.99986  2.10435  2.42013  2.34705  0.00000  1.90751  2.03197  2.63268  2.32545  1.94199  2.37923  1.19134  1.55070  1.68638  1.81523  1.67952
  7 7.44362  7.19911  3.85701  3.90499  8.43719  8.51293  0.00000  2.54573  4.04734  6.41616  5.35143  2.93313  7.64411  1.61998  6.07921  6.00795  8.48509  2.43256
  8 2.22031  2.18967  2.02538  2.06092  2.35752  2.17363  1.90751  0.00000  2.10865  2.58170  2.32551  2.01988  2.56873  1.17016  1.78302  1.68766  1.84755  1.57899
  8 7.28482  7.35963  3.98453  3.92394  8.52813  8.61787  2.54573  0.00000  3.91601  6.31737  5.08611  2.83851  7.80921  1.61829  6.01778  5.78078  8.32541  2.54474
  9 2.13864  2.14934  1.90400  1.85568  2.07638  2.15951  2.03197  2.10865  0.00000  2.01613  1.21031  1.16681  2.26298  2.01063  1.68470  1.63013  1.91939  1.76499
  9 3.97583  4.05351  2.67184  2.71935  5.17148  5.26836  4.04734  3.91601  0.00000  3.10686  1.70986  1.61824  4.48063  2.90147  2.58240  2.55497  5.40043  3.81831
 10 1.18826  1.18766  2.50090  2.42730  1.91578  1.91886  2.63268  2.58170  2.01613  0.00000  1.32394  2.69890  1.34543  3.01496  1.60015  1.66232  1.64069  2.38296
 10 1.63393  1.62437  4.97741  5.02028  2.93570  2.93112  6.41616  6.31737  3.10686  0.00000  1.81279  4.12434  1.84438  5.35507  2.72553  2.73671  2.79782  6.13999
 11 2.04603  1.95043  2.24407  2.18806  2.16563  2.21317  2.32545  2.32551  1.21031  1.32394  0.00000  2.09416  2.23300  2.48692  0.93055  0.91268  1.98538  2.04831
 11 2.77150  2.84501  3.85625  3.85499  4.13650  4.08731  5.35143  5.08611  1.70986  1.81279  0.00000  2.93328  3.23675  4.33593  1.33018  1.33131  4.09888  5.17976
 12 2.49002  2.55734  1.18551  1.20677  2.62932  2.56312  1.94199  2.01988  1.16681  2.69890  2.09416  0.00000  3.00388  1.32906  1.94931  1.96945  2.33951  1.81724
 12 5.08130  5.15406  1.63305  1.63076  6.30396  6.42014  2.93313  2.83851  1.61824  4.12434  2.93328  0.00000  5.42962  1.84403  3.58524  3.85444  6.29537  2.69954
 13 1.96888  1.97974  2.31877  2.39593  1.15673  1.18227  2.37923  2.56873  2.26298  1.34543  2.23300  3.00388  0.00000  3.32326  2.04335  1.96734  0.91090  2.52250
 13 2.89497  2.89800  6.50931  6.35358  1.61743  1.63396  7.64411  7.80921  4.48063  1.84438  3.23675  5.42962  0.00000  6.86522  4.11331  4.07750  1.33439  7.49025
 14 2.19516  2.39051  1.90756  1.99849  2.54981  2.84730  1.19134  1.17016  2.01063  3.01496  2.48692  1.32906  3.32326  0.00000  2.06784  2.16429  2.62063  0.97153
 14 6.33991  6.42719  2.93001  2.85086  7.66458  7.75181  1.61998  1.61829  2.90147  5.35507  4.33593  1.84403  6.86522  0.00000  4.93880  5.10257  7.59678  1.32416
 15 1.93233  1.85204  1.61824  1.68086  1.51010  1.81391  1.55070  1.78302  1.68470  1.60015  0.93055  1.94931  2.04335  2.06784  0.00000  1.20527  1.61514  1.45235
 15 3.73885  3.70587  4.49164  4.62783  4.98377  4.93513  6.07921  6.01778  2.58240  2.72553  1.33018  3.58524  4.11331  4.93880  0.00000  2.38943  4.94285  5.74523
 16 1.83759  1.68791  1.68553  1.79466  1.79304  1.49038  1.68638  1.68766  1.63013  1.66232  0.91268  1.96945  1.96734  2.16429  1.20527  0.00000  1.44247  1.41374
 16 3.66665  3.75846  4.80614  4.45971  5.16714  4.97140  6.00795  5.78078  2.55497  2.73671  1.33131  3.85444  4.07750  5.10257  2.38943  0.00000  4.73653  6.07849
 17 1.73161  1.71456  1.86548  1.61201  1.56181  1.54290  1.81523  1.84755  1.91939  1.64069  1.98538  2.33951  0.91090  2.62063  1.61514  1.44247  0.00000  2.07720
 17 3.85157  3.76784  7.34025  7.21124  2.54398  2.62246  8.48509  8.32541  5.40043  2.79782  4.09888  6.29537  1.33439  7.59678  4.94285  4.73653  0.00000  8.27479
 18 1.80020  1.62474  1.46573  1.83995  1.82259  1.84392  1.67952  1.57899  1.76499  2.38296  2.04831  1.81724  2.52250  0.97153  1.45235  1.41374  2.07720  0.00000
 18 7.14862  7.11093  3.77957  3.87261  8.28997  8.50570  2.43256  2.54474  3.81831  6.13999  5.17976  2.69954  7.49025  1.32416  5.74523  6.07849  8.27479  0.00000
