          14   5.000000    
  1 0.00000  1.34927  2.59250  2.90694  2.07659  2.48189  0.93807  0.95239  0.93550  1.79902  1.77330  2.18744  2.30871  2.17676
  1 0.00000  1.80796  3.94903  5.14882  2.85236  4.86069  1.37012  1.35717  1.32452  2.66330  2.81120  6.10472  6.11668  6.14074
  2 1.34927  0.00000  2.15565  2.57848  1.30003  2.26241  1.84294  1.67245  1.77433  0.97129  0.96706  2.20303  1.97836  2.25535
  2 1.80796  0.00000  2.78331  4.09784  1.81885  3.83255  2.65466  2.66735  2.55000  1.34728  1.36845  4.96078  4.96663  4.95306
  3 2.59250  2.15565  0.00000  1.34383  1.20466  1.13638  2.14221  2.16322  2.29219  1.96488  1.92549  1.63733  1.75082  1.56594
  3 3.94903  2.78331  0.00000  1.76140  1.65984  1.37901  4.84769  4.82333  4.88379  3.69562  3.70621  2.71727  2.74593  2.55491
  4 2.90694  2.57848  1.34383  0.00000  2.07900  2.15894  2.42276  2.27128  2.42040  2.10771  2.09484  0.92671  0.95196  0.97484
  4 5.14882  4.09784  1.76140  0.00000  2.70918  2.75542  6.01026  5.97244  6.02737  4.85011  4.78997  1.35131  1.37037  1.38265
  5 2.07659  1.30003  1.20466  2.07900  0.00000  1.99912  1.90568  1.80398  2.07308  1.74171  1.74133  1.76062  1.82048  1.93930
  5 2.85236  1.81885  1.65984  2.70918  0.00000  2.54377  3.78987  3.70343  3.85596  2.45649  2.52213  3.67271  3.67404  3.66893
  6 2.48189  2.26241  1.13638  2.15894  1.99912  0.00000  1.70383  1.85947  1.79635  1.75425  1.59985  2.13951  2.02056  1.98640
  6 4.86069  3.83255  1.37901  2.75542  2.54377  0.00000  5.80863  5.82833  5.88321  4.56427  4.47486  3.60598  3.67318  3.60650
  7 0.93807  1.84294  2.14221  2.42276  1.90568  1.70383  0.00000  1.41141  1.36505  1.86577  1.84021  1.82076  1.90083  1.90067
  7 1.37012  2.65466  4.84769  6.01026  3.78987  5.80863  0.00000  2.25023  2.13852  3.50552  3.65291  6.87423  6.89890  6.84064
  8 0.95239  1.67245  2.16322  2.27128  1.80398  1.85947  1.41141  0.00000  1.42741  1.86803  1.75650  2.09197  1.46918  2.08446
  8 1.35717  2.66735  4.82333  5.97244  3.70343  5.82833  2.25023  0.00000  2.21224  3.55810  3.49473  6.83144  6.86710  6.83569
  9 0.93550  1.77433  2.29219  2.42040  2.07308  1.79635  1.36505  1.42741  0.00000  1.71156  1.77292  1.68208  1.96189  1.92844
  9 1.32452  2.55000  4.88379  6.02737  3.85596  5.88321  2.13852  2.21224  0.00000  3.44920  3.54344  6.83968  6.97750  7.08938
 10 1.79902  0.97129  1.96488  2.10771  1.74171  1.75425  1.86577  1.86803  1.71156  0.00000  1.41374  1.46657  1.54319  1.60831
 10 2.66330  1.34728  3.69562  4.85011  2.45649  4.56427  3.50552  3.55810  3.44920  0.00000  2.17042  5.57909  5.68580  5.56350
 11 1.77330  0.96706  1.92549  2.09484  1.74133  1.59985  1.84021  1.75650  1.77292  1.41374  0.00000  1.49687  1.70219  1.56372
 11 2.81120  1.36845  3.70621  4.78997  2.52213  4.47486  3.65291  3.49473  3.54344  2.17042  0.00000  5.52203  5.76815  5.63028
 12 2.18744  2.20303  1.63733  0.92671  1.76062  2.13951  1.82076  2.09197  1.68208  1.46657  1.49687  0.00000  1.39989  1.42040
 12 6.10472  4.96078  2.71727  1.35131  3.67271  3.60598  6.87423  6.83144  6.83968  5.57909  5.52203  0.00000  2.28596  2.17687
 13 2.30871  1.97836  1.75082  0.95196  1.82048  2.02056  1.90083  1.46918  1.96189  1.54319  1.70219  1.39989  0.00000  1.43220
 13 6.11668  4.96663  2.74593  1.37037  3.67404  3.67318  6.89890  6.86710  6.97750  5.68580  5.76815  2.28596  0.00000  2.22349
 14 2.17676  2.25535  1.56594  0.97484  1.93930  1.98640  1.90067  2.08446  1.92844  1.60831  1.56372  1.42040  1.43220  0.00000
 14 6.14074  4.95306  2.55491  1.38265  3.66893  3.60650  6.84064  6.83569  7.08938  5.56350  5.63028  2.17687  2.22349  0.00000
