          12   5.000000    
  1 0.00000  2.01710  2.02203  1.07590  2.23014  2.18312  1.66271  1.72891  1.63489  1.62246  1.60209  1.66523
  1 0.00000  2.63283  2.60107  1.43326  3.79735  3.93260  4.65821  4.55956  4.62564  4.70098  4.75110  4.44390
  2 2.01710  0.00000  1.90307  1.18323  1.26374  2.26127  1.72300  1.73612  1.72433  1.79495  1.86207  1.77868
  2 2.63283  0.00000  2.53365  1.60797  1.71658  3.98164  2.43609  2.53098  2.44610  4.77895  4.66647  4.70883
  3 2.02203  1.90307  0.00000  1.17404  2.25081  1.20915  1.53276  1.81562  1.65500  1.64577  1.65579  1.53523
  3 2.60107  2.53365  0.00000  1.60405  3.99434  1.71599  4.68103  4.63684  4.73110  2.58831  2.66460  2.54506
  4 1.07590  1.18323  1.17404  0.00000  2.06848  2.03355  1.91337  1.90237  1.93798  1.85486  1.93675  1.93560
  4 1.43326  1.60797  1.60405  0.00000  2.81554  2.82572  3.64802  3.71814  3.61621  3.85418  3.73483  3.70839
  5 2.23014  1.26374  2.25081  2.06848  0.00000  2.48655  0.94128  0.95820  0.95121  2.24615  2.18733  2.28755
  5 3.79735  1.71658  3.99434  2.81554  0.00000  5.24531  1.32586  1.32694  1.32063  6.35720  5.90838  6.07043
  6 2.18312  2.26127  1.20915  2.03355  2.48655  0.00000  2.30741  2.29074  1.93965  0.91532  0.90323  0.91574
  6 3.93260  3.98164  1.71599  2.82572  5.24531  0.00000  6.14410  6.04207  6.00465  1.32690  1.32477  1.32056
  7 1.66271  1.72300  1.53276  1.91337  0.94128  2.30741  0.00000  1.38307  1.39377  2.28636  2.06633  2.05189
  7 4.65821  2.43609  4.68103  3.64802  1.32586  6.14410  0.00000  2.25936  2.22254  7.13624  6.67454  6.80500
  8 1.72891  1.73612  1.81562  1.90237  0.95820  2.29074  1.38307  0.00000  1.37901  2.04317  1.67023  1.85023
  8 4.55956  2.53098  4.63684  3.71814  1.32694  6.04207  2.25936  0.00000  2.40941  6.75989  6.68405  6.71880
  9 1.63489  1.72433  1.65500  1.93798  0.95121  1.93965  1.39377  1.37901  0.00000  1.71852  1.54608  1.72732
  9 4.62564  2.44610  4.73110  3.61621  1.32063  6.00465  2.22254  2.40941  0.00000  6.71331  6.68892  6.63019
 10 1.62246  1.79495  1.64577  1.85486  2.24615  0.91532  2.28636  2.04317  1.71852  0.00000  1.40934  1.38218
 10 4.70098  4.77895  2.58831  3.85418  6.35720  1.32690  7.13624  6.75989  6.71331  0.00000  2.28553  2.29007
 11 1.60209  1.86207  1.65579  1.93675  2.18733  0.90323  2.06633  1.67023  1.54608  1.40934  0.00000  1.30717
 11 4.75110  4.66647  2.66460  3.73483  5.90838  1.32477  6.67454  6.68405  6.68892  2.28553  0.00000  2.31143
 12 1.66523  1.77868  1.53523  1.93560  2.28755  0.91574  2.05189  1.85023  1.72732  1.38218  1.30717  0.00000
 12 4.44390  4.70883  2.54506  3.70839  6.07043  1.32056  6.80500  6.71880  6.63019  2.29007  2.31143  0.00000
