           9   5.000000    
  1 0.00000  1.40300  1.41434  2.17878  2.19573  2.18052  2.16873  2.09849  2.09556
  1 0.00000  1.90852  1.90738  3.00932  2.97763  2.98487  3.12966  3.10897  3.08027
  2 1.40300  0.00000  2.42812  1.27675  1.31403  2.46101  2.42498  1.43548  2.54860
  2 1.90852  0.00000  3.16758  1.71394  1.66179  4.34566  4.25920  1.94208  4.31886
  3 1.41434  2.42812  0.00000  2.61883  2.56989  1.30641  1.30685  2.52508  1.40146
  3 1.90738  3.16758  0.00000  4.31595  4.35008  1.64015  1.68144  4.28340  1.94043
  4 2.17878  1.27675  2.61883  0.00000  2.22859  2.40711  2.37182  2.06735  2.15235
  4 3.00932  1.71394  4.31595  0.00000  2.82666  5.36626  5.28325  3.11019  5.26948
  5 2.19573  1.31403  2.56989  2.22859  0.00000  2.29324  2.34857  2.10367  2.27305
  5 2.97763  1.66179  4.35008  2.82666  0.00000  5.39451  5.32130  2.88377  5.43089
  6 2.18052  2.46101  1.30641  2.40711  2.29324  0.00000  2.19665  2.07429  2.09984
  6 2.98487  4.34566  1.64015  5.36626  5.39451  0.00000  2.89875  5.44025  2.86398
  7 2.16873  2.42498  1.30685  2.37182  2.34857  2.19665  0.00000  2.21926  2.09589
  7 3.12966  4.25920  1.68144  5.28325  5.32130  2.89875  0.00000  5.24573  2.97817
  8 2.09849  1.43548  2.52508  2.06735  2.10367  2.07429  2.21926  0.00000  2.13979
  8 3.10897  1.94208  4.28340  3.11019  2.88377  5.44025  5.24573  0.00000  5.25147
  9 2.09556  2.54860  1.40146  2.15235  2.27305  2.09984  2.09589  2.13979  0.00000
  9 3.08027  4.31886  1.94043  5.26948  5.43089  2.86398  2.97817  5.25147  0.00000
