          16   5.000000    
  1 0.00000  1.27912  2.41242  2.05760  2.07010  1.23171  0.94222  0.92614  1.69488  1.68607  2.03264  2.04383  2.00860  2.09286  1.87680  1.90185
  1 0.00000  1.81074  4.13954  2.77103  2.88114  1.68899  1.33980  1.34018  2.68938  2.79976  5.00518  4.95124  4.94764  3.70234  3.73158  3.72433
  2 1.27912  0.00000  2.06567  2.49817  1.22958  2.01699  1.77809  1.72425  0.92213  0.95513  1.91962  2.00190  1.98723  2.00705  2.10169  2.04649
  2 1.81074  0.00000  2.87702  4.09997  1.66245  2.92390  2.74817  2.70719  1.33844  1.33992  3.74066  3.63294  3.70571  4.95554  4.89738  4.89950
  3 2.41242  2.06567  0.00000  3.00885  1.24464  2.48514  1.97562  2.04193  1.98423  1.85612  0.93606  0.92399  0.91195  2.22988  2.12946  2.25284
  3 4.13954  2.87702  0.00000  6.30118  1.68712  5.18685  4.80440  4.97497  3.64639  3.85666  1.32450  1.33672  1.33750  7.05540  7.02654  7.12447
  4 2.05760  2.49817  3.00885  0.00000  2.41389  1.25149  1.91982  1.93555  1.91743  1.93299  2.04091  2.23028  2.15852  0.90005  0.91820  0.89430
  4 2.77103  4.09997  6.30118  0.00000  5.24905  1.68098  3.53423  3.56543  4.90778  4.94197  7.09903  7.07520  7.22641  1.32471  1.33668  1.33736
  5 2.07010  1.22958  1.24464  2.41389  0.00000  2.19192  1.83363  1.76101  1.71797  1.64863  1.72531  1.74271  1.73450  1.89476  1.66056  1.86317
  5 2.88114  1.66245  1.68712  5.24905  0.00000  4.06637  3.73429  3.83986  2.50242  2.53321  2.56935  2.61188  2.57207  6.11692  6.03647  6.01819
  6 1.23171  2.01699  2.48514  1.25149  2.19192  0.00000  1.74515  1.71751  1.83314  1.84978  1.66635  1.79081  1.76566  1.64630  1.71557  1.68815
  6 1.68899  2.92390  5.18685  1.68098  4.06637  0.00000  2.45598  2.59061  3.71555  3.81335  6.06805  5.95767  5.92090  2.52645  2.50272  2.54211
  7 0.94222  1.77809  1.97562  1.91982  1.83363  1.74515  0.00000  1.49190  1.62755  1.80940  1.49184  1.45646  1.43183  1.62270  1.40914  1.49513
  7 1.33980  2.74817  4.80440  3.53423  3.73429  2.45598  0.00000  2.17485  3.44943  3.54792  5.82587  5.64749  5.74397  4.42231  4.49326  4.51854
  8 0.92614  1.72425  2.04193  1.93555  1.76101  1.71751  1.49190  0.00000  1.68399  1.72946  1.40228  1.44053  1.46225  1.66263  1.14494  1.53531
  8 1.34018  2.70719  4.97497  3.56543  3.83986  2.59061  2.17485  0.00000  3.54894  3.46277  5.69827  5.66054  5.93550  4.49402  4.39668  4.45130
  9 1.69488  0.92213  1.98423  1.91743  1.71797  1.83314  1.62755  1.68399  0.00000  1.40323  1.51847  1.52317  1.48412  1.46246  1.65781  1.47574
  9 2.68938  1.33844  3.64639  4.90778  2.50242  3.71555  3.44943  3.54894  0.00000  2.19971  4.41163  4.43171  4.38676  5.70122  5.79060  5.91105
 10 1.68607  0.95513  1.85612  1.93299  1.64863  1.84978  1.80940  1.72946  1.40323  0.00000  1.62553  1.44292  1.47054  1.48956  1.52668  1.43797
 10 2.79976  1.33992  3.85666  4.94197  2.53321  3.81335  3.54792  3.46277  2.19971  0.00000  4.61591  4.37935  4.54828  5.66570  5.76585  5.85137
 11 2.03264  1.91962  0.93606  2.04091  1.72531  1.66635  1.49184  1.40228  1.51847  1.62553  0.00000  1.41297  1.34822  1.43772  1.61353  1.70271
 11 5.00518  3.74066  1.32450  7.09903  2.56935  6.06805  5.82587  5.69827  4.41163  4.61591  0.00000  2.22403  2.29200  7.90163  7.92325  7.78780
 12 2.04383  2.00190  0.92399  2.23028  1.74271  1.79081  1.45646  1.44053  1.52317  1.44292  1.41297  0.00000  1.42235  1.63328  1.76425  1.59730
 12 4.95124  3.63294  1.33672  7.07520  2.61188  5.95767  5.64749  5.66054  4.43171  4.37935  2.22403  0.00000  2.22927  7.98263  7.62175  7.77398
 13 2.00860  1.98723  0.91195  2.15852  1.73450  1.76566  1.43183  1.46225  1.48412  1.47054  1.34822  1.42235  0.00000  1.64266  1.82419  1.63756
 13 4.94764  3.70571  1.33750  7.22641  2.57207  5.92090  5.74397  5.93550  4.38676  4.54828  2.29200  2.22927  0.00000  7.75589  7.78601  7.86416
 14 2.09286  2.00705  2.22988  0.90005  1.89476  1.64630  1.62270  1.66263  1.46246  1.48956  1.43772  1.63328  1.64266  0.00000  1.33106  1.34287
 14 3.70234  4.95554  7.05540  1.32471  6.11692  2.52645  4.42231  4.49402  5.70122  5.66570  7.90163  7.98263  7.75589  0.00000  2.24786  2.28841
 15 1.87680  2.10169  2.12946  0.91820  1.66056  1.71557  1.40914  1.14494  1.65781  1.52668  1.61353  1.76425  1.82419  1.33106  0.00000  1.31323
 15 3.73158  4.89738  7.02654  1.33668  6.03647  2.50272  4.49326  4.39668  5.79060  5.76585  7.92325  7.62175  7.78601  2.24786  0.00000  2.44131
 16 1.90185  2.04649  2.25284  0.89430  1.86317  1.68815  1.49513  1.53531  1.47574  1.43797  1.70271  1.59730  1.63756  1.34287  1.31323  0.00000
 16 3.72433  4.89950  7.12447  1.33736  6.01819  2.54211  4.51854  4.45130  5.91105  5.85137  7.78780  7.77398  7.86416  2.28841  2.44131  0.00000
