           7   5.000000    
  1 0.00000  1.44663  1.45772  1.44261  1.46190  1.46149  1.46992
  1 0.00000  1.92549  1.93405  1.92573  1.92633  1.92171  1.91986
  2 1.44663  0.00000  2.03973  2.00780  2.03766  1.99740  2.98154
  2 1.92549  0.00000  2.66669  2.83327  2.65748  2.74111  3.65642
  3 1.45772  2.03973  0.00000  1.98798  2.98673  1.98849  2.04190
  3 1.93405  2.66669  0.00000  2.81141  3.62100  2.67366  2.79683
  4 1.44261  2.00780  1.98798  0.00000  2.02734  3.00877  2.02999
  4 1.92573  2.83327  2.81141  0.00000  2.71326  3.60038  2.68893
  5 1.46190  2.03766  2.98673  2.02734  0.00000  2.03948  2.01269
  5 1.92633  2.65748  3.62100  2.71326  0.00000  2.76735  2.75145
  6 1.46149  1.99740  1.98849  3.00877  2.03948  0.00000  2.01100
  6 1.92171  2.74111  2.67366  3.60038  2.76735  0.00000  2.67165
  7 1.46992  2.98154  2.04190  2.02999  2.01269  2.01100  0.00000
  7 1.91986  3.65642  2.79683  2.68893  2.75145  2.67165  0.00000
