          10   5.000000    
  1 0.00000  2.00431  2.06336  1.26880  1.99701  1.19627  1.66515  1.68773  2.11543  2.04465
  1 0.00000  2.53195  2.56903  1.72087  2.70398  1.63763  2.54636  2.59321  3.66408  3.65304
  2 2.00431  0.00000  2.05663  2.02805  1.23831  1.20216  2.17991  2.11886  1.67040  1.64825
  2 2.53195  0.00000  2.54392  2.65240  1.71938  1.63295  3.66950  3.78990  2.60407  2.67673
  3 2.06336  2.05663  0.00000  3.09595  3.12413  1.10090  2.99301  2.76892  2.96645  3.15035
  3 2.56903  2.54392  0.00000  3.76791  3.74195  1.40554  4.71158  4.74401  4.76550  4.74994
  4 1.26880  2.02805  3.09595  0.00000  1.32144  2.04777  0.93133  0.92277  1.78240  1.79915
  4 1.72087  2.65240  3.76791  0.00000  1.82172  2.57426  1.32467  1.33080  2.79435  2.73766
  5 1.99701  1.23831  3.12413  1.32144  0.00000  1.96868  1.81719  1.76908  0.92090  0.90924
  5 2.70398  1.71938  3.74195  1.82172  0.00000  2.58159  2.69156  2.68423  1.32475  1.33077
  6 1.19627  1.20216  1.10090  2.04777  1.96868  0.00000  2.18864  1.92299  2.18846  2.23974
  6 1.63763  1.63295  1.40554  2.57426  2.58159  0.00000  3.60063  3.57363  3.63114  3.55690
  7 1.66515  2.17991  2.99301  0.93133  1.81719  2.18864  0.00000  1.35255  2.20477  1.74791
  7 2.54636  3.66950  4.71158  1.32467  2.69156  3.60063  0.00000  2.30699  3.61211  3.37169
  8 1.68773  2.11886  2.76892  0.92277  1.76908  1.92299  1.35255  0.00000  1.72022  2.18087
  8 2.59321  3.78990  4.74401  1.33080  2.68423  3.57363  2.30699  0.00000  3.26007  3.57267
  9 2.11543  1.67040  2.96645  1.78240  0.92090  2.18846  2.20477  1.72022  0.00000  1.41311
  9 3.66408  2.60407  4.76550  2.79435  1.32475  3.63114  3.61211  3.26007  0.00000  2.29042
 10 2.04465  1.64825  3.15035  1.79915  0.90924  2.23974  1.74791  2.18087  1.41311  0.00000
 10 3.65304  2.67673  4.74994  2.73766  1.33077  3.55690  3.37169  3.57267  2.29042  0.00000
